1000
71 86 34
69 77 100
91 10 57
48 46 58
11 45 87
0 55 55
36 93 63
8 31 78
61 55 7
68 85 59
33 29 79
72 84 72
19 38 41
1 54 73
29 23 13
25 54 15
44 5 97
28 53 36
22 89 58
73 41 26
5 19 45
91 54 60
43 86 20
59 43 87
42 33 100
73 81 29
79 29 41
16 74 2
12 25 45
89 8 11
77 89 75
69 74 98
84 48 1
9 72 95
25 65 34
16 15 64
17 8 18
51 57 31
18 66 28
11 45 47
24 1 68
63 53 74
98 4 46
15 87 67
6 74 32
91 5 25
1 45 6
75 53 41
50 36 93
2 36 39
4 38 5
14 58 26
68 23 92
42 7 15
54 98 4
95 85 18
80 94 17
99 92 60
72 40 83
61 58 61
25 76 48
46 13 67
70 57 74
79 48 79
91 2 82
79 100 64
38 96 19
93 28 75
77 89 85
35 64 17
92 7 98
70 93 6
3 75 98
27 65 77
26 2 42
28 12 87
15 70 53
83 53 23
55 80 45
80 2 41
31 90 6
96 10 58
6 57 10
98 38 32
97 76 47
19 25 7
74 83 52
43 81 99
84 5 4
8 44 91
10 87 38
9 77 77
54 69 77
97 37 34
7 38 80
87 22 56
93 37 34
44 88 41
20 60 5
8 3 76
56 65 95
22 61 99
91 88 3
41 58 27
8 67 44
59 30 79
71 28 4
21 57 20
84 98 25
68 63 40
46 100 80
38 18 100
63 39 40
92 82 14
38 20 36
31 43 35
75 31 59
12 72 15
52 71 59
75 68 11
39 81 80
57 59 38
25 60 20
59 31 96
91 63 31
10 38 38
98 28 93
33 17 14
100 1 1
74 29 63
18 69 54
75 96 31
17 55 29
97 96 54
67 43 16
20 73 91
90 70 34
37 3 58
24 66 29
65 34 26
20 2 14
93 21 57
23 60 91
8 20 80
55 12 25
96 74 56
25 2 9
65 46 89
44 68 69
86 15 32
6 90 7
45 24 72
1 73 59
54 7 5
75 33 74
19 61 77
39 43 22
2 42 20
34 92 25
21 6 39
10 5 43
3 22 39
87 20 40
73 5 80
77 31 9
100 74 54
89 11 13
76 9 32
67 77 35
41 54 55
5 85 97
28 58 46
38 42 11
73 6 68
44 52 32
84 63 8
54 84 77
76 23 47
55 82 21
1 12 64
6 56 93
61 56 2
5 92 68
73 43 35
50 91 58
57 53 73
95 59 36
3 98 22
100 31 47
53 66 72
52 22 97
34 26 6
52 60 75
16 10 4
41 62 75
45 70 62
46 100 56
52 33 14
46 26 68
86 89 75
98 85 64
67 45 84
32 14 83
61 63 52
88 5 55
61 85 22
53 80 34
54 83 44
98 55 70
35 73 75
22 97 31
39 12 84
3 53 40
67 60 99
67 45 63
80 66 44
4 11 83
75 55 81
44 65 58
91 61 19
20 14 88
4 80 61
34 78 66
84 26 67
2 72 59
5 34 58
41 9 44
58 12 24
60 29 94
100 63 3
47 71 80
55 94 1
59 75 32
58 85 42
54 8 62
67 23 25
50 58 100
71 83 38
76 82 99
37 17 62
11 10 80
98 29 77
58 86 97
28 2 36
36 67 58
90 78 19
33 44 96
42 65 78
97 44 64
1 55 20
48 100 27
72 73 82
69 25 52
53 46 81
53 77 48
78 28 15
26 20 90
5 77 3
28 37 95
63 90 6
76 87 22
78 56 13
81 64 71
100 98 41
4 86 31
67 88 33
18 28 91
6 68 91
28 95 81
98 87 25
5 47 9
66 96 69
72 53 57
12 65 66
51 32 31
100 60 84
10 67 92
91 2 11
75 97 59
13 46 10
0 15 62
29 11 42
43 24 79
38 86 11
28 88 81
36 60 91
2 9 3
51 22 21
14 84 31
52 79 8
14 33 90
17 53 33
39 94 64
47 39 84
58 90 100
56 61 7
62 67 78
33 24 78
19 95 1
71 35 27
50 69 97
29 16 45
13 28 46
57 61 15
70 72 24
1 90 31
75 97 39
74 32 16
70 15 34
99 97 98
1 94 5
79 20 6
45 39 23
97 69 86
52 56 84
72 15 93
32 38 20
34 27 91
82 79 96
23 5 33
17 2 33
36 98 27
85 9 98
30 9 85
23 65 87
88 45 37
10 32 14
7 29 92
35 57 4
66 43 12
30 5 55
83 15 78
47 25 9
97 87 65
16 66 96
10 55 27
84 98 55
34 67 6
91 35 47
3 38 18
32 94 82
9 100 8
13 98 74
84 40 70
78 84 95
6 54 76
37 73 10
98 80 87
82 45 77
94 20 21
47 74 14
47 27 8
25 43 2
23 89 93
1 7 59
10 34 81
29 94 95
57 98 14
33 20 79
54 28 31
50 78 61
63 47 47
83 81 21
52 58 41
70 35 42
48 77 79
10 28 72
100 6 94
83 77 98
22 41 17
76 7 28
58 18 38
86 25 64
97 16 13
34 64 3
94 7 87
44 62 13
74 13 7
87 57 12
49 2 81
67 67 62
81 53 85
76 27 10
59 8 29
10 22 75
48 48 69
23 76 96
43 82 22
48 100 7
100 91 95
98 13 29
56 57 34
5 95 26
13 66 1
41 97 68
16 79 40
7 84 93
74 73 98
19 7 99
3 83 27
72 83 63
88 17 100
37 26 33
28 96 15
79 74 13
42 62 90
34 74 94
16 58 42
39 42 75
20 73 83
71 28 11
59 19 85
61 29 41
1 42 57
100 61 33
45 54 78
100 68 14
21 94 36
0 39 48
1 74 53
50 95 41
53 97 9
24 98 37
98 85 38
90 48 65
60 87 90
16 96 54
59 60 85
99 41 62
50 45 96
77 23 24
93 8 68
13 94 70
8 7 32
79 40 83
23 17 75
82 87 30
2 1 3
9 76 39
14 36 81
7 79 5
83 45 78
94 30 5
3 19 75
5 21 40
64 82 82
9 67 98
87 37 36
80 78 67
91 41 56
49 47 74
84 53 47
23 74 80
98 22 42
17 26 74
45 39 5
31 11 66
88 64 68
38 10 22
50 22 39
31 57 62
82 97 70
17 6 40
5 98 52
31 86 25
70 16 5
23 7 3
83 98 82
35 62 33
55 4 97
20 46 63
18 89 10
56 87 92
81 79 13
31 40 41
94 6 97
20 24 95
95 52 21
16 86 46
99 60 89
67 68 52
28 1 34
35 55 45
42 63 85
90 72 20
39 62 19
44 33 42
51 61 55
46 60 37
37 24 17
99 95 91
41 67 73
79 88 11
56 83 72
52 90 42
8 2 87
6 74 68
45 58 69
6 45 79
10 9 17
49 11 58
75 46 17
82 93 96
35 45 55
58 20 22
37 87 8
83 89 31
49 35 2
21 89 97
65 77 76
85 74 65
32 96 39
92 100 81
12 7 78
65 42 19
44 7 12
57 76 73
85 73 67
81 40 43
0 89 69
60 81 83
98 83 39
88 27 3
87 47 83
51 26 61
37 13 100
65 39 45
13 35 36
57 58 89
45 58 33
66 16 67
69 26 21
99 26 64
0 57 27
43 19 26
18 82 44
75 79 54
0 71 40
91 10 23
96 95 29
44 26 6
11 69 57
45 61 96
73 100 14
26 91 40
4 42 74
2 64 93
95 53 33
74 76 22
41 26 27
82 28 71
72 69 8
20 41 6
99 58 92
42 25 39
79 6 30
36 41 40
4 64 27
71 59 9
87 15 84
15 73 20
84 90 42
1 52 5
35 29 87
99 62 71
9 67 78
25 47 39
21 60 67
16 66 92
96 55 72
68 31 60
97 81 53
24 89 95
73 94 6
38 4 1
79 70 92
95 22 15
23 66 83
15 19 12
24 81 77
61 38 36
16 5 23
47 2 34
9 10 84
56 82 23
30 41 28
97 40 45
97 40 88
26 92 27
72 17 12
33 18 17
62 46 8
51 36 99
75 12 4
63 42 23
66 90 100
66 30 100
54 13 86
31 83 25
8 90 85
6 36 66
95 11 94
1 23 57
52 79 95
81 38 96
16 20 13
100 35 40
95 20 58
82 55 91
63 4 15
27 23 13
6 97 77
39 5 38
17 75 28
100 84 31
98 69 74
94 11 37
17 37 79
8 13 21
24 26 19
60 2 68
80 22 42
55 65 61
17 89 70
17 63 22
26 57 61
14 10 10
13 47 81
89 42 1
98 23 27
30 60 84
80 32 67
23 79 47
72 68 30
0 20 25
70 70 72
52 91 16
1 81 66
97 61 94
70 35 40
38 68 94
65 48 46
30 64 33
37 54 52
75 83 75
47 53 21
5 97 10
77 28 9
33 39 73
16 39 79
35 35 60
60 57 42
8 78 93
22 54 16
98 57 37
13 21 19
28 44 77
52 68 7
87 63 16
38 2 57
71 75 75
66 15 25
75 23 60
84 1 80
85 93 63
13 62 100
53 100 79
63 73 6
63 38 11
77 83 32
8 100 13
52 27 3
23 21 97
70 59 36
89 80 24
37 33 18
88 40 84
48 21 33
0 32 79
5 77 17
50 65 61
79 4 33
43 30 26
86 92 88
62 46 1
28 16 5
90 63 36
94 41 86
29 71 99
2 59 23
22 4 96
78 21 43
54 6 54
32 10 75
76 85 40
63 43 23
7 55 65
33 60 68
28 95 98
82 89 7
14 72 37
85 12 5
83 41 63
93 62 88
73 79 96
7 56 41
0 27 62
80 15 95
57 75 37
2 21 41
97 24 78
16 53 10
11 83 30
62 44 84
82 47 46
79 91 11
18 13 17
97 83 99
62 90 75
12 85 59
11 5 82
88 17 98
87 78 17
40 9 35
67 7 97
47 68 48
47 8 15
60 86 100
32 27 27
61 88 67
53 5 47
90 77 46
66 19 66
4 99 34
92 67 54
39 72 57
15 12 1
19 57 99
34 72 48
100 66 13
100 31 11
10 72 100
6 53 79
21 53 4
99 8 69
100 18 7
2 98 62
32 71 93
2 94 46
84 71 12
93 68 55
23 36 86
12 55 55
75 63 74
46 4 73
92 33 47
22 45 39
46 83 61
55 99 81
82 65 54
20 46 23
27 23 72
88 98 52
100 70 91
39 5 87
29 81 85
97 14 17
75 69 6
82 2 69
55 32 37
4 47 5
34 85 73
45 38 11
64 16 62
70 42 40
52 27 39
4 95 82
13 69 20
56 80 4
24 29 11
19 77 72
35 68 35
19 78 93
27 5 38
67 56 15
37 59 59
31 15 100
13 55 55
52 20 71
94 29 22
84 74 99
97 10 17
98 41 60
6 33 77
36 64 15
29 21 13
29 72 80
52 29 5
19 15 33
14 60 30
98 39 27
55 83 24
46 60 87
66 25 14
56 22 38
71 8 8
76 10 62
65 81 74
50 22 86
10 34 82
15 100 82
16 86 48
66 75 25
2 48 25
59 72 79
97 7 12
69 3 81
56 44 57
98 31 67
99 70 86
100 28 10
61 89 91
66 92 12
9 70 2
33 34 86
62 17 79
28 46 55
33 61 4
97 58 73
55 93 15
92 4 28
15 48 19
65 77 35
50 66 61
41 35 64
61 11 97
61 9 64
46 13 25
76 78 55
66 98 21
16 11 38
76 58 19
59 96 91
88 93 40
84 75 56
69 11 77
90 24 63
38 8 35
14 65 87
36 65 62
65 91 93
46 18 82
83 12 56
84 95 42
13 15 75
67 60 11
94 75 65
43 58 83
31 47 82
19 8 1
44 71 96
47 52 75
83 83 38
17 36 76
41 48 10
7 68 97
17 46 54
54 99 95
51 72 5
21 1 14
15 74 4
95 33 26
46 65 73
79 87 63
75 40 70
40 29 7
7 83 47
100 64 45
69 82 83
84 58 56
1 97 39
63 74 95
1 28 70
85 84 21
45 24 7
100 47 93
67 3 26
48 59 23
89 74 71
23 70 19
7 52 70
68 94 26
16 46 80
10 33 56
25 74 22
91 25 16
32 47 87
91 83 54
77 97 48
93 94 28
38 13 28
12 100 82
41 32 82
15 27 85
49 42 78
48 86 21
8 59 6
50 27 13
81 38 43
54 73 68
51 82 15
22 64 65
74 98 45
100 54 94
9 3 8
80 25 64
53 48 15
33 36 11
29 36 86
84 70 75
13 17 1
30 25 5
61 53 3
4 45 66
90 37 82
23 100 5
51 34 61
86 23 47
7 21 17
99 13 4
3 66 73
88 98 54
8 64 34
40 32 40
35 43 32
28 89 30
17 81 100
99 99 99
11 99 92
0 10 42
35 9 73
73 93 3
77 83 58
48 69 67
72 45 65
22 88 73
5 4 81
73 60 73
51 16 83
4 17 11
57 66 7
19 13 36
66 22 24
98 96 13
73 9 85
6 12 13
87 37 94
34 78 21
73 91 41
16 97 9
12 8 16
59 78 24
34 59 57
57 14 13
20 18 1
75 2 67
36 22 35
16 20 69
25 25 97
96 100 18
32 67 10
84 79 64
99 92 73
92 40 17
36 32 85
61 12 61
67 53 15
52 71 98
54 12 86
64 25 83
31 9 89
96 80 66
40 47 81
51 76 26
99 10 38
97 18 34
61 11 30
58 36 22
60 100 78
63 93 100
36 61 83
13 64 42
87 12 14
3 40 45
97 70 4
79 48 76
83 62 4
51 16 84
54 53 91
66 89 30
