M  919721,41|2016 23 38;371257421 444985875
M  989598,29|1780 13 35;749467743 394134213
M  466929,32|1824 9 33;883595627 109361473
M  46894510,921|46900 36 35;152087739 907381983
M  802373,69|3200 47 37;78636402 280940535
M  318450,100|4546 1 29;662085615 990953332
M  39287801,535|27654 20 50;953895456 175414082
M  204427,86|4398 45 43;971983920 432398708
M  309991,376|18686 34 11;924701501 661238608
M  841188,33|1794 26 22;928213333 390205642
M  598072,27|1024 8 10;925375266 440732388
M  999581,80|3854 33 12;849357632 562937745
M  169120,24|1146 20 26;758272724 602640637
M  287187,29|1550 26 13;574950683 394134213
M  999200000,2000|102358 44 48;126696998 652876718
M  999300000,2000|103572 26 18;844542889 652876718
M  665872,67|3300 12 32;562142151 536698543
M  402443,3|200 31 41;432276883 1
M  118795,8|468 8 46;664034858 720
M  456515,28|1376 21 19;414292706 459042011
M  735503,1025|51988 9 34;557323513 942371722
M  5,3|6 1 1;1 1
M  1611,50|907771920 6 453884508;1 627068824
M  37,40|2020 22 19;1 472948359
M  49,24|1060 21 4;1 602640637
M  8,18|758 15 19;1 789741546
M  10,45|2090 9 12;1 954784168
M  29,38|1952 37 26;1 523095984
M  19,26|1310 5 21;1 657629300
M  35,24|1314 7 26;1 602640637
M  6,45|2402 25 45;1 954784168
M  37,31|1720 46 8;1 36978716
M  18,44|2434 22 18;1 626855450
M  31,19|970 19 7;1 425606191
M  28,29|1428 23 48;1 394134213
M  7,23|1032 12 46;1 72847302
M  25,49|2336 29 31;1 846397273
M  2,24|958 32 31;1 602640637
M  17,8|498 36 45;1 720
M  6,2|44 20 2;1 1
M  33,3|122 8 33;1 1
M  31,13|692 11 6;1 39916800
M  17,21|1236 42 1;1 557316307
M  33,18|1066 30 43;1 789741546
M  18,21|1042 8 41;1 557316307
M  25,43|2138 24 40;1 776829897
M  39,43|2246 4 40;1 776829897
M  24,32|1708 47 32;1 109361473
M  21,8|422 35 2;1 720
M  32,5|192 17 6;1 6
M  49,42|2366 47 46;1 799434881
M  21,42|2452 35 50;1 799434881
M  1,16|966 27 12;1 178290591
M  13,6|376 19 13;1 24
M  4,3|80 9 30;1 1
M  17,6|268 34 35;1 24
M  3,26|1296 15 48;1 657629300
M  31,48|2486 33 18;1 741412713
M  35,7|448 11 50;1 120
M  34,43|2110 25 35;1 776829897
M  21,2|136 44 24;1 1
M  5,43|1976 4 3;1 776829897
M  4,36|1816 28 9;1 943272305
M  7,27|1342 5 22;1 440732388
M  10,14|730 36 10;1 479001600
M  20,44|1960 11 26;1 626855450
M  14,45|2414 20 17;1 954784168
M  34,32|1546 48 21;1 109361473
M  6,26|1008 4 30;1 657629300
M  28,7|360 42 40;1 120
M  2,6|296 35 38;1 24
M  23,45|2402 14 45;1 954784168
M  37,30|1752 49 29;1 35757887
M  42,4|116 11 1;1 2
M  16,28|1356 31 3;1 459042011
M  5,37|1652 30 36;1 14530444
M  28,43|2490 49 18;1 776829897
M  45,37|1442 25 23;1 14530444
M  13,44|1535934 14 28;1 626855450
M  2,26|1476 42 46;1 657629300
M  15,25|1396 32 5;1 860734560
M  18,13|534 17 8;1 39916800
M  8,43|2220 20 1;1 776829897
M  43,17|726 8 18;1 674358851
M  35,29|1556 12 17;1 394134213
M  36,37|2150 30 6;1 14530444
M  49,15|620 34 13;1 227020758
M  19,10|530 21 21;1 40320
M  18,18|1086 48 1;1 789741546
M  32,24|1450 1 47;1 602640637
M  4,14|784 39 50;1 479001600
M  26,4|84 8 16;1 2
M  15,50|2388 9 11;1 627068824
M  47,19|892 49 41;1 425606191
M  11,32|1616 48 23;1 109361473
M  11,50|1996 26 37;1 627068824
M  32,45|2318 42 50;1 954784168
