1000
61 55 7
90 58 66
95 53 33
10 36 76
94 29 22
86 7 52
45 24 72
80 32 67
70 16 5
11 97 8
1 7 59
22 15 99
43 86 20
47 66 68
26 63 84
60 83 20
36 65 62
40 47 81
69 74 98
77 67 94
4 42 74
30 5 55
65 77 89
71 35 27
19 41 36
56 82 23
52 23 15
43 82 18
48 16 37
51 16 83
67 7 97
48 64 69
31 90 6
97 10 91
46 69 58
90 76 61
23 7 57
52 22 97
42 58 87
88 98 54
99 92 60
5 77 3
55 55 17
93 85 66
97 24 78
73 60 73
90 70 34
76 5 76
37 2 41
31 47 82
98 41 60
61 34 14
37 29 63
81 40 43
44 27 57
84 63 8
37 13 100
47 66 45
100 90 10
23 89 93
13 42 34
19 32 19
97 87 65
61 11 97
75 31 59
49 2 81
80 33 25
100 64 45
50 82 26
44 31 91
29 16 45
93 37 34
7 79 5
59 75 32
21 80 63
52 39 2
98 69 74
76 10 62
57 41 42
20 2 14
100 39 9
32 27 27
34 10 100
32 96 39
84 79 64
85 67 94
16 66 92
43 54 4
82 28 71
47 71 80
24 57 9
8 13 21
18 66 28
95 95 17
44 4 23
79 48 79
73 91 41
38 86 11
29 71 99
52 56 84
63 4 15
7 21 17
98 55 70
3 8 88
35 43 32
1 23 57
41 20 71
10 5 43
51 66 33
77 75 53
74 86 76
6 27 73
0 2 42
12 88 91
25 54 15
47 39 84
38 18 100
1 54 73
30 25 5
98 80 87
12 98 95
92 40 17
99 58 92
10 38 38
95 11 94
34 92 25
22 4 96
27 61 19
46 74 16
78 12 26
88 98 52
38 100 15
67 77 35
9 10 84
0 55 55
4 64 27
100 37 76
87 63 13
68 23 60
16 66 96
63 73 6
12 55 55
25 74 22
67 89 59
88 76 98
33 84 61
1 28 70
4 79 33
48 59 23
1 73 59
100 23 20
92 7 98
93 40 71
2 96 76
52 58 41
4 84 60
97 61 94
22 75 38
34 38 11
22 61 99
98 22 42
43 82 22
56 44 57
70 93 6
80 94 17
58 20 22
89 48 41
53 46 81
57 53 73
57 75 18
33 17 14
20 56 46
52 79 8
61 85 22
84 58 8
78 100 69
100 45 18
24 64 84
17 78 67
89 41 20
72 98 89
52 91 16
92 38 94
81 16 88
53 92 12
77 31 9
6 23 99
84 38 75
56 48 75
45 24 7
7 52 33
90 48 65
29 23 13
85 96 27
84 75 56
98 42 24
66 20 11
44 62 13
98 13 29
47 27 41
77 65 16
12 71 89
33 61 4
34 92 69
49 32 95
21 63 84
75 28 25
17 6 40
21 61 42
57 76 70
100 33 89
100 63 3
31 8 81
79 70 92
78 31 43
7 13 96
51 76 26
27 23 72
34 29 29
51 39 32
1 95 53
4 99 34
53 22 1
46 13 17
25 85 66
80 2 41
7 33 36
50 27 13
99 35 58
20 14 88
7 78 53
2 21 41
59 8 29
53 85 73
95 52 21
19 13 36
100 68 14
22 28 37
54 13 86
2 42 20
56 87 92
79 69 11
100 1 1
2 35 88
36 93 63
100 31 11
45 4 63
67 10 77
77 91 2
50 22 86
78 22 46
44 95 98
20 73 83
66 69 9
75 18 61
55 2 71
34 16 89
76 58 19
48 77 79
62 57 13
44 71 96
77 88 1
93 21 57
35 55 45
24 89 95
25 55 35
48 52 2
3 31 48
75 79 54
43 30 26
67 94 53
86 54 55
92 82 14
21 57 20
93 91 57
83 15 78
7 83 47
55 77 36
3 98 22
97 81 53
91 86 25
56 91 37
3 83 27
58 63 62
89 8 11
80 65 25
37 54 52
74 29 63
21 81 30
13 15 75
42 4 54
74 73 98
100 31 47
99 95 91
0 53 42
38 73 58
80 66 44
6 53 79
19 7 99
27 56 28
57 38 52
55 47 53
91 35 47
15 19 12
16 96 54
76 82 99
85 68 41
78 84 95
26 7 46
15 28 37
77 21 90
61 18 70
48 39 20
75 93 5
37 43 86
70 25 2
59 43 87
71 83 38
78 53 78
20 71 63
1 23 28
100 6 94
8 47 90
38 13 25
97 40 45
82 70 56
51 36 99
84 30 23
81 58 33
28 12 87
83 77 15
56 56 52
93 68 55
87 66 72
82 87 30
100 91 18
65 88 97
94 20 21
57 85 91
96 28 17
63 38 11
50 45 96
73 93 3
91 63 31
97 76 47
6 33 77
61 30 32
16 81 32
38 15 17
82 24 95
32 14 83
96 46 9
55 12 25
34 64 3
20 18 1
5 92 68
68 76 65
73 32 97
0 20 21
81 13 32
90 93 62
53 48 15
63 39 40
19 78 93
16 46 80
54 7 5
95 82 27
37 92 57
81 14 29
100 74 54
1 13 64
86 89 75
80 22 42
80 70 89
50 78 61
90 16 86
76 9 32
61 38 36
83 77 98
75 52 73
59 30 79
0 10 42
16 54 82
94 30 5
2 48 25
55 82 21
93 94 28
5 100 52
66 22 24
27 6 1
94 30 1
97 70 4
19 77 72
47 2 34
53 66 72
88 27 3
25 24 95
73 29 39
30 65 81
73 6 68
89 84 47
6 12 13
6 74 68
60 2 68
27 63 72
30 17 52
45 83 96
1 94 5
97 82 93
55 3 20
61 12 61
0 33 60
35 99 22
84 26 67
12 8 16
25 12 74
67 53 15
85 33 65
83 81 21
69 96 3
99 61 22
8 7 32
58 36 22
41 9 44
74 9 58
7 25 48
1 90 31
1 97 39
73 9 85
25 2 9
14 59 83
52 68 7
72 9 77
50 20 90
52 44 12
1 12 64
13 21 19
34 14 7
51 34 61
38 87 35
78 28 94
91 41 56
51 52 94
59 46 2
99 13 4
33 60 68
13 9 38
9 3 8
46 59 25
24 100 35
41 87 80
8 3 76
29 72 80
65 48 46
92 10 71
15 12 1
4 47 5
49 35 2
35 29 87
10 28 72
33 36 11
11 5 82
74 83 52
39 42 75
75 37 68
14 60 30
4 99 54
0 44 99
35 71 80
48 62 3
28 75 45
3 66 73
2 77 57
75 97 59
98 4 46
16 48 34
9 72 95
67 58 20
84 74 99
51 9 46
47 68 48
28 53 36
91 54 60
91 77 4
8 100 13
87 28 17
61 71 58
65 77 76
25 63 58
99 8 47
28 96 15
59 83 100
93 62 100
52 36 12
79 4 33
11 73 54
32 68 96
35 9 73
21 99 3
62 17 11
18 28 91
5 20 37
51 46 69
64 16 62
20 28 98
67 5 11
35 73 75
35 16 42
29 25 59
22 42 25
99 70 86
84 48 1
82 19 81
75 55 81
52 20 71
7 29 86
25 61 69
96 2 72
56 65 95
54 69 77
18 69 54
39 62 100
55 36 81
94 75 65
91 47 20
6 54 76
36 64 15
4 45 66
32 60 75
65 34 26
62 59 95
25 93 2
36 98 27
3 53 40
79 91 11
72 73 82
8 20 80
87 12 14
33 39 73
98 87 25
12 3 26
47 1 94
56 57 34
24 66 29
67 56 15
35 22 38
13 99 9
79 8 72
49 11 58
76 47 70
30 86 56
80 46 30
43 48 99
20 24 95
47 25 9
67 83 21
90 63 36
37 24 17
23 58 58
38 18 74
40 87 59
15 81 30
91 74 34
55 99 81
63 93 100
93 61 47
39 12 84
54 12 86
8 78 93
82 97 70
63 97 5
100 97 2
5 21 40
88 17 98
94 54 91
19 61 77
99 99 99
15 48 19
90 47 68
22 54 16
67 14 93
47 92 81
51 82 15
29 81 85
52 71 59
41 48 10
31 9 97
39 81 80
0 34 29
81 64 70
85 70 9
56 61 7
35 35 60
12 83 57
13 45 52
84 18 41
61 11 61
81 38 43
80 5 56
91 5 25
20 46 63
17 69 21
13 69 20
93 6 84
23 65 87
84 93 54
53 97 9
33 29 79
35 72 76
24 57 38
35 81 8
67 45 84
49 34 10
12 25 45
99 77 4
13 98 74
28 2 36
27 86 68
16 81 80
52 69 42
30 15 68
2 98 62
70 67 75
79 26 26
33 18 17
46 38 10
75 56 53
26 4 85
2 59 23
6 36 66
42 35 78
23 70 19
34 5 87
54 86 32
0 42 24
81 30 41
93 54 6
51 72 5
93 28 75
34 54 33
38 4 1
50 36 93
17 55 29
4 17 11
19 90 69
75 9 23
86 82 81
59 98 12
66 75 25
58 12 24
83 53 23
6 54 76
98 29 77
11 83 30
90 24 63
31 57 62
84 79 77
11 99 88
21 1 14
19 32 69
85 13 84
98 57 37
52 33 14
0 39 48
17 31 57
97 96 54
16 5 23
54 53 91
79 6 20
89 74 71
77 46 25
7 54 41
64 15 25
23 100 5
41 62 75
66 43 12
32 71 93
43 47 33
75 68 11
22 88 73
55 58 79
36 98 30
3 38 18
22 97 31
36 87 6
41 67 73
20 60 75
87 20 40
2 100 54
43 44 59
63 43 23
100 54 94
94 6 97
85 73 67
39 5 87
42 33 8
69 62 92
41 97 68
94 62 11
34 85 73
61 53 3
90 14 81
13 64 42
55 4 97
41 32 82
32 46 61
93 5 46
96 44 13
73 66 59
12 7 78
17 24 45
38 42 11
53 90 67
91 88 3
47 27 8
72 69 8
55 98 32
32 81 7
88 5 55
37 65 24
67 1 56
29 75 87
57 61 15
2 20 12
55 93 15
65 91 93
79 13 6
56 6 32
13 68 39
86 15 32
60 4 61
100 91 42
49 48 55
69 44 38
89 80 48
93 26 48
25 18 17
87 21 91
26 92 27
90 69 64
44 33 42
26 91 40
8 61 41
67 60 99
4 90 64
13 46 10
9 78 90
2 32 95
67 19 16
29 90 66
74 3 72
53 100 79
71 75 75
74 13 7
15 14 85
50 91 58
44 52 32
57 14 13
12 33 57
53 52 65
60 87 90
3 75 98
70 72 24
36 32 85
29 11 42
96 95 29
67 68 52
83 88 33
91 86 32
36 4 21
83 41 63
7 72 10
66 96 69
15 40 98
60 24 94
37 77 96
11 30 40
67 48 15
96 67 6
29 42 62
53 76 77
4 8 40
16 86 48
12 24 3
7 34 65
97 83 99
46 83 61
67 73 45
34 74 94
33 56 65
41 31 52
7 38 80
11 10 80
52 72 19
31 15 100
37 33 85
90 67 82
98 85 38
100 61 33
7 84 93
19 59 93
42 93 80
84 1 80
100 55 38
18 75 8
69 11 77
88 17 100
3 82 67
5 98 52
69 26 21
67 88 33
13 66 1
68 94 26
97 14 17
79 29 41
44 60 67
34 15 71
52 27 39
10 9 17
57 66 7
96 10 58
34 72 75
44 35 57
39 39 55
2 72 59
33 24 78
56 30 6
17 8 18
39 68 89
95 85 81
28 37 95
75 76 37
46 4 73
79 7 62
42 65 78
49 78 52
41 85 37
11 69 57
28 62 38
2 9 3
92 3 36
16 12 2
30 60 84
4 86 31
54 98 4
59 60 85
100 91 95
12 65 66
16 20 13
50 58 100
93 24 72
80 25 64
86 14 22
1 87 71
94 73 33
97 88 98
90 78 19
9 100 8
70 91 100
63 75 34
69 39 59
88 64 68
36 54 38
78 56 13
44 26 6
94 13 95
51 61 55
19 38 41
38 2 57
2 57 53
53 61 85
87 47 83
60 52 78
8 58 1
57 10 21
83 25 47
43 58 83
74 27 60
38 27 52
10 55 27
38 4 40
99 8 69
40 67 34
1 69 27
34 67 6
94 30 67
20 73 91
60 34 72
100 17 30
92 31 9
26 26 94
64 88 26
94 7 87
47 32 85
44 65 58
2 76 15
57 28 81
42 63 85
7 68 97
64 96 55
13 55 55
10 34 81
0 57 27
38 8 35
14 63 94
95 33 26
96 33 27
87 22 56
6 90 18
76 27 10
85 86 56
52 60 75
62 90 75
73 4 82
96 74 56
62 44 84
76 45 72
31 46 91
12 85 59
2 1 3
41 97 37
10 19 4
81 4 75
15 74 4
8 44 91
88 7 40
98 31 67
28 81 52
44 5 97
99 70 27
64 76 28
36 61 83
9 67 78
49 47 74
61 87 41
43 72 63
95 11 94
32 43 54
30 94 18
77 76 20
81 8 37
54 28 35
52 71 98
24 60 67
15 90 92
75 97 39
29 2 60
87 15 84
85 55 91
52 37 89
78 23 25
33 34 86
99 97 98
82 94 57
25 68 86
95 92 84
31 80 31
3 19 75
13 47 81
25 40 82
14 89 2
75 30 25
35 64 17
95 24 55
10 33 21
31 3 8
97 7 12
4 62 87
18 89 10
66 92 12
72 15 93
37 26 33
78 28 15
80 78 67
84 63 23
40 29 19
62 46 1
73 41 26
76 84 67
57 59 38
97 44 64
87 40 57
79 87 63
16 35 59
66 30 100
40 79 88
20 11 46
56 35 42
12 9 17
56 1 93
72 36 27
77 83 32
32 98 7
53 77 48
13 94 70
4 25 17
25 60 20
51 7 31
65 89 98
84 95 42
